return {
   7453858568,
   5742340362,
   7989755568,
   8007244753,
   4732364976,
   8027995678,
   7739747807,
   7976340347,
   7977655453,
   679747430,
   7924488899,
   4285032425,
   909479836,
   7706854865,
   4296209444,
   7844842664,
   8005770973,
   4796775445,
   7996796728,
   8024204492,
   8026065038,
   3069672364,
   4230502965,
   7707029703,
   625069,
   7042292034,
   8027897545,
   4886982469,
   3503038929,
   2607678553,
   2995926404,
   6222246620,
   7663248290,
   2348043773,
   8043049735,
   7344842494,
   4288466790,
   7360896,
   3762952729,
   5252447242,
   8044552623,
   7950200647,
   553329624,
   4280347263,
   5492698708,
   4785945692,
   227529329,
   4973925824,
   7706845703,
   4685576099,
   5530028233,
   7356284598,
   242355038,
   7742653248,
   7229288866,
   2624260084,
   428282230,
   4282924779,
   2646237826,
   3282452555,
   7068284000,
   7579659660,
   932370427,
   3322627324,
   240892320,
   7706829284,
   3005498786,
   2742784226,
   2769583329,
   7844857940,
   7392263927,
   7583054749,
   7240272263,
   3988706476,
   7934655272,
   2978780922,
   7928922527,
   5256662074,
   7790720626,
   5402865957,
   2355228450,
   2245262265,
   2434738825,
   469927906,
   3820967792,
   6220624768,
   7962226702,
   522929862,
   2723792258,
   2592646674,
   7246428330,
   5222447742,
   3426576627,
   4282320399,
   3857264683,
   7272975469,
   7798877494,
   745948624,
   2773098986,
   4240892542,
   7200230307,
   2369252437,
   983497260,
   7728702227,
   5775466057,
   2572292244,
   7707267707,
   5238268429,
   7707260862,
   4823664253,
}