return {
    7453858568,
    4488671118,
    4731364976,
    3577288427,
    8001747376,
    3713961702,
    4185032425,
    7356284598,
    3482348120,
    7957029698,
    1979050221,
    4196109444,
    4546645924,
    4886981469,
    7356284598,
    3836039277,
    3539805668,
    4074039535,
    7977655453,
    4570335617,
    7776262685,
    55067422,
    3506890870,
    4196109444,
    8017897545,
    7984753550,
    458880205,
    7958733486,
    7986220234,
    7985304910,
    225652890,
    7844869363,
    7532061903,
    7933622240,
    7966940855,
    7514758106,
    5712045842,
    3322627314,
    1487732268,
    2048795561,
    217519319,
    7706867387,
    8008042567,
    8013046362,
    8008948825,
    8014104491,
    8016065038,
    2607678553,
    7739736694,
    94563776,
    3409841550,
    3238468347,
    4180347263,
    615069,
    7707025168,
    4188466790,
    2607678553,
    2034945906,
    343108613,
    4603336355,
}
