return {
    7453858568,
    4488671118,
    4731364976,
    3577288427,
    2811621118,
    3713961702,
    4185032425,
    7356284598,
    3865734227,
    3482348120,
    1572192244,
    7957029698,
    4130502965,
    1979050221,
    4196109444,
    7707253509,
    4546645924,
    4886981469,
    7356284598,
    1145261265,
    3836039277,
    4282914779,
    3539805668,
    4074039535,
    7977655453,
    5212447741,
    4570335617,
    7776262685,
    55067422,
    3506890870,
    4196109444,
    8017897545,
    7984753550,
    458880205,
    7958733486,
    7986220234,
    7985304910,
    225652890,
    7844869363,
    7208653004,
    7933622240,
    3838079493,
    7514758106,
    5712045842,
    3322627314,
    1487732268,
    2048795561,
    217519319,
    7706867387,
    8008042567,
    8013046362,
    8008948825,
    8014104491,
    8016065038,
    2607678553,
    7739736694,
    94563776,
    7042191034,
    3238468347,
    4180347263,
    615069,
    7707025168,
    4188466790,
    2607678553,
    4685576099,
    343108613,
    7068184000,
    5256661074,
    7918922517,
    5212447741,
    343108613,
    4140892542,
    7790710626,
    5404069459,
    4281320399,
    2059855383,
    511919862,
    5732706638,
    1111528852,
   "1126864494996500500", "1234"
}